500
228.374903262 106.78462972
187.368336319 75.445686947
246.659167434 118.726945534
165.876174239 94.4172085144
173.472820395 296.103731955
216.709380336 44.5945372561
215.175977079 206.612978063
263.796919988 215.212426099
111.511762407 100.630785031
42.8665822285 240.07359396
203.657073329 21.8093357978
21.7551960408 87.7288761702
116.998853353 224.801133538
100.721606024 125.659440087
39.7997476896 149.766108254
262.507489719 202.064245684
142.906737939 219.091241291
189.81666158 97.0956594758
279.208413214 163.183789904
225.483245114 68.9621779617
43.1528415199 6.58268253387
228.89815477 47.5923316761
73.723752437 273.791715825
260.73120818 9.79449484391
135.488353033 9.69886108297
238.402430263 279.415419206
175.276238871 299.391272354
144.918356111 252.562937817
210.440265797 274.561669282
53.6094565075 81.0703926113
175.719337519 60.9900808996
294.104103952 52.8049252066
240.98537461 58.3461469201
87.6762673214 293.756647562
230.782778294 136.735071135
198.994492972 271.077594657
176.364506123 112.396353381
36.1890084094 3.04387435017
169.289683747 43.0518810494
190.559528566 14.0378041409
224.574494458 103.164729815
181.112972685 161.534719841
70.6738455867 107.035962991
68.5074613597 201.900796419
93.7026022411 189.44523847
154.180643202 114.287604434
232.239170529 17.270799924
190.707324461 230.983489671
210.309594456 57.8320064248
78.3831964325 179.773951679
206.52280617 92.7386498907
162.976964335 120.303702793
124.109451115 218.425286235
193.339258464 222.40313651
75.8490765685 284.052598467
125.868309234 226.399445321
261.606936633 193.77230774
282.960676885 27.2747074155
99.1058910849 179.93474785
221.7787285 279.432448678
17.8774846684 198.012680357
275.008598541 271.581716581
80.1561751537 160.721904274
3.31700986813 159.718756081
198.557850163 296.903277739
244.147232579 36.9518147035
153.099340944 132.750372668
89.160427836 227.022764636
280.13028053 102.67287953
185.808615708 0.205535569015
171.950991439 130.241839657
117.178886844 197.375002982
25.9026776053 210.264114967
260.176135404 175.640712479
74.1545183209 134.519832516
258.225869884 175.5762425
249.370328673 171.897067307
87.6236118007 78.1764889801
148.920042204 299.78596582
144.79725113 152.029082357
98.3350537084 253.830093901
150.662859696 207.103478677
39.6020456764 262.740160351
277.655500956 66.1426587969
270.144279507 71.4187287214
143.066094264 39.2693159681
69.6032834825 56.7749983929
275.766703101 203.548485888
151.728140884 295.174744416
158.705861367 113.600772532
62.5421728845 11.7012704228
265.46268682 220.510110146
177.480598726 44.6957476139
217.762690719 206.108006023
193.060881799 279.487183429
178.390190828 12.790462005
134.738594934 196.991511247
50.8038315851 229.461667723
102.226748885 105.279601708
146.607953307 224.703245688
5.10121207786 299.500212829
158.076476766 205.377270763
254.459798499 192.805511412
196.257821242 128.943231187
116.47722412 39.6154558245
53.1062192888 249.131177175
280.091997009 208.618083187
77.9515395146 213.865868637
169.081859125 115.313875823
79.4310554188 288.708189712
126.528622174 243.842228145
27.5369685605 232.569101005
202.194807349 126.100291452
117.252249458 149.348509578
127.945857096 269.770489868
255.77846203 284.468790891
214.50124571 113.713636606
46.6796523694 212.95694554
234.819864026 1.60206192488
205.933125467 83.6661271101
235.038113907 234.214470507
168.599841865 122.06708226
216.55082163 35.6035133693
4.21183638138 185.071324914
189.791125452 62.331519837
120.749384364 24.6482595613
68.332660112 277.173142179
267.96461772 111.803021655
197.523488083 279.050688651
3.4652753136 173.008258509
114.727886953 36.9193675124
79.8649575082 19.8490416006
265.332561185 89.271677133
153.876000286 188.353794851
183.121551121 206.034578879
84.206218226 291.954973503
151.137502049 137.658043961
176.006027905 102.195959513
71.4034387316 216.382798326
226.171687705 169.828936454
254.631100767 100.303009181
203.028354034 187.030624589
132.72430157 60.3868054665
28.6836825842 60.350656816
231.504731596 216.304006472
144.13627373 298.618634152
65.7764046974 77.9316979925
47.3682134678 168.71793457
86.5273452699 106.90590015
138.726480234 75.929363454
186.034524504 65.5316362041
93.0993806378 214.523061771
146.11194409 219.172251247
238.289303835 187.454427957
51.5217659249 117.152860743
205.488532358 225.269733645
186.577744258 223.99376767
267.762047507 165.308615001
273.311508872 259.796224223
95.8723554757 52.3801822892
229.700154531 21.169808215
14.857293887 99.9887672936
21.1182908284 144.643753025
278.019421555 131.156263239
166.88793224 259.536478809
164.672684852 94.3818691639
71.3563940398 111.863770467
165.869532806 42.7022812832
115.423491413 115.818581942
130.848251852 20.7814739738
12.9225470891 156.308380096
106.480555294 37.1644124084
105.269310766 77.9402974636
21.4845836019 157.360723081
50.706641551 272.131902345
154.818306937 149.701289854
53.7837789694 189.173657011
233.602007786 229.008656099
17.8074768371 32.2280644699
178.155677727 94.9048150372
186.263167383 296.244097514
20.7057109222 177.981122291
240.372323488 129.755698946
285.622241819 146.800489318
59.1837892324 86.7834808852
31.9355953919 89.7091796853
180.918969133 283.244812223
226.939184756 113.476027135
129.40800265 93.720942665
181.187492374 267.646891443
159.371401122 239.084781433
105.727151381 60.5226924152
177.24912381 187.899891285
104.492054273 138.191307819
54.5620674171 177.155523941
262.020373897 166.153978601
179.322286808 99.0758960492
5.85635505532 298.153788331
243.818515479 197.601476377
213.38664326 160.634856359
134.383139623 79.3917285168
206.538440897 176.869550671
111.309444493 226.027721757
221.393251687 85.8328784465
170.598095524 49.8128300594
279.910337104 232.451897106
174.105460038 204.163782659
14.4482997997 214.774182426
99.2154456822 143.22543471
208.304385402 155.422313052
268.512701163 232.652821792
260.027412545 126.414097049
64.7581861361 298.479119301
43.5986203272 194.097843152
160.827683624 237.176402444
286.004431674 128.372319341
134.406162455 240.854808198
94.5811277548 232.146025689
120.228855292 218.148622233
98.046832638 66.4450405007
236.804813616 48.4506772016
200.048604716 254.311177081
291.545307787 7.64454198588
27.5832697517 248.902848127
61.1773560841 60.9739932594
152.054860002 252.182899472
247.468849876 98.509473676
18.270616008 70.7790798621
24.3798744006 151.849924246
79.7878413869 146.502094732
33.6549911135 228.24638375
86.7046716965 132.751584859
117.775417468 25.4248860235
114.41840069 183.941444105
196.488034036 75.6079985259
75.7468653451 159.148529095
128.632238267 67.6608519846
270.304218386 201.071861309
92.3422065487 68.791779005
145.012016192 261.915139312
39.2347690341 295.320888175
2.28434080522 229.83726226
37.4306720466 74.9875805258
65.3227611582 296.338353304
175.145493289 38.627899623
131.338341867 297.395762776
81.1598812774 231.183254622
240.819490919 86.3724624244
141.94806913 259.330465934
3.45355235247 8.84275345535
258.428912339 287.15691184
216.910484156 54.0774304552
215.780570802 248.100371268
180.989565869 217.576190329
35.9368577503 136.529076898
118.940463817 221.393200217
47.5084437387 254.102758249
28.7063050202 201.219477404
89.1630116231 98.0168430382
252.873296995 114.661847367
235.320259836 58.5941480455
155.372113638 141.061043736
35.114590735 172.302748875
167.011727229 239.864461744
20.5747238971 290.995446461
73.6004004117 295.462812985
226.226471166 214.367102933
90.328952363 10.7844953563
225.517415857 155.887018397
216.253464709 92.9356599526
45.5514512719 54.2063353599
94.9371107564 38.4028852586
252.018230049 92.2801204782
186.234638963 21.2590862589
54.0300082517 155.738178943
106.13152194 49.564638361
57.4374939661 257.86267587
227.469757341 282.587489857
177.726589476 85.4971635915
99.8543851813 166.232969712
148.548552697 164.88998298
215.634244981 16.5646259145
186.202122858 22.2663948101
47.1051343495 77.1111775769
177.194926675 13.7062687183
65.8770325302 177.229187818
250.823754263 244.885381744
188.849360715 287.719896269
257.472049962 252.068622828
139.630268735 139.718339618
214.513058761 222.163737738
267.83386387 88.5963481964
28.0954983437 109.763159813
76.8057120235 207.978899242
234.961732381 186.540381337
238.370321499 144.027073854
125.09131567 113.474533125
16.1550020125 97.3569357329
192.900908526 200.274762519
229.976304252 155.23815017
93.0270968678 187.690481522
23.142786602 273.025420247
222.86115545 29.4783180061
166.981021423 82.0954788211
232.889699831 219.676317259
65.7597624154 287.48894008
86.4014538264 197.340303305
54.9559555561 194.002600184
266.195819904 222.828153542
274.902848373 280.205567327
228.937630385 247.714675004
185.974962619 12.9777891751
192.358904433 79.175665763
152.357018662 238.030918657
74.8248959837 90.7409914979
93.9531699141 23.9185089908
79.5204622429 290.516889309
116.834054415 88.8869398723
79.7209790981 36.9537054816
142.762246039 258.734553194
149.497454416 89.2700162123
76.0295257554 214.854799312
36.8411171882 121.195839766
17.5313067071 107.284454388
64.5451919087 198.263951405
1.41653852326 49.8203999323
290.617901053 6.62022552167
155.24359178 47.1881251847
103.040790766 46.9480111603
234.978267187 215.892188564
115.2221701 166.174309688
277.57899947 210.060435785
146.399569408 3.86467069755
212.357532454 279.994666512
145.177474891 190.059948717
221.204813116 199.165950247
231.063748415 207.132986292
86.1912262557 267.708882035
159.38879584 282.822620126
189.401494761 26.0207188998
87.1595526278 7.84858850167
212.95548447 270.330995118
161.864460449 208.010581145
22.432135041 291.332002778
126.883805529 276.972512888
213.831647817 228.6738296
271.753051545 182.135601068
298.869232236 200.092838497
50.9388251974 47.7336994987
13.4128359192 266.011839261
193.879546644 38.0731960161
79.30434579 84.9288406093
262.826483841 139.484925526
123.549960652 220.297243259
295.217692195 55.3444063478
125.745213176 20.0735568485
50.7380058379 73.4388302776
36.1545258241 151.99394952
51.5662586613 111.844952251
252.364444232 171.916396535
278.64938661 140.530735786
259.381271178 179.815863104
255.20133215 231.858163751
125.697514404 41.4633057785
219.440845384 39.8063684714
124.339436778 78.0113953092
220.8313448 69.8874993691
27.6716061278 41.3955356764
100.048698808 72.7964060369
239.668379975 211.164473182
250.655567781 224.859465527
227.905523519 173.741129889
206.028389641 227.778567534
71.7131131621 224.621982003
93.7993777344 54.5235694812
239.58875903 27.3482530369
174.733625937 21.6251067824
96.9154992736 167.854604989
50.5575989503 165.872489609
263.950728603 20.1496182966
170.370322726 112.815256834
71.0347394753 32.2709575523
169.479976142 251.867606737
52.8161950831 222.704685619
168.1106486 263.886820787
226.664511162 46.7187153416
78.0667444897 179.487308094
278.556705071 294.800981056
163.271076684 244.227291479
130.856022431 282.408640809
224.993041737 250.228554867
275.486362227 88.6969300394
204.285523488 136.907823396
12.1766773006 42.0647472879
231.824296657 93.1493169495
52.7092368685 137.889332565
287.969614296 110.509881117
2.8715557994 143.630821658
8.63368473532 192.026018115
286.381084973 261.426221052
49.5027815424 168.562978384
281.124585657 74.4825754609
175.149335934 142.115720634
194.711337771 44.141848225
127.76410743 188.202939596
76.1311949328 228.725285
224.254897833 141.057876709
270.696941915 178.266709906
279.463971393 271.606276321
270.687827855 249.480150049
195.200476204 216.730646327
284.770209521 223.096944135
48.1635977813 249.429918328
62.0187797378 229.510468389
286.372813776 80.0242984547
283.546133956 138.313765239
225.356435558 25.6024372681
199.47789248 35.0917125696
140.030817567 30.7243849575
1.92716249656 84.8978962488
199.358845141 210.589903636
237.321983549 12.5050606951
20.7365676886 5.46889932862
156.908900531 78.3910242625
146.777936038 195.538390188
252.493485441 42.0231916085
51.1030884779 262.704135919
99.8555244913 281.145752676
148.902167561 249.733424801
105.373039079 279.643115904
274.317555935 33.6405082643
103.523115449 17.1007232792
287.38629084 55.7578326424
52.5176225883 281.329304202
82.8436627102 173.159785386
287.35185815 272.945096384
233.000077504 42.4580424704
195.490799204 164.736204815
61.8717600805 20.3637998436
79.2036287687 221.771644994
290.272135143 165.737626147
38.4779504802 265.538977197
200.302977017 28.4595004234
17.0984438638 250.064664458
299.181229301 297.906739467
182.428181801 290.836711324
135.181793809 133.674158216
266.340590221 295.461084803
26.8052366195 158.188076213
292.675532435 35.7857653568
61.7968125743 204.545148043
53.6266001358 7.90539285296
36.1957573375 284.805282778
273.088911906 89.9270397214
205.013042332 264.194217145
97.258700691 292.46835499
39.3343740122 173.391641939
42.6110698832 252.560129595
73.0874331548 4.88269506658
0.158460067267 27.6006946591
184.282302525 66.0304111149
113.555304105 231.344791524
142.871413614 246.445261556
183.105017721 92.1211973888
150.33592814 125.481444248
178.670182801 81.4086355305
163.634573863 121.058201539
249.535063211 95.0524228537
22.6714978462 10.9822473956
190.909733433 239.473059309
251.610207559 130.483844829
120.005391372 38.3226742129
211.299002616 32.2703316841
115.703824421 0.0965177388127
50.4207830921 140.66554466
163.679102357 47.0522817245
44.320130543 123.847141484
275.242895242 199.939830627
17.6069806533 287.613408095
185.138831773 217.839259597
122.165036859 14.7650688357
188.452988468 80.268095334
42.0574223613 48.933337421
227.273475858 237.258271859
216.366763747 178.113473418
117.195599971 234.461191105
167.217200668 174.479561076
123.443873855 185.170774379
109.979956073 187.459928907
134.862647097 203.623421109
205.879207851 184.291473926
83.2205427836 280.243809709
253.406713965 151.98736505
216.566975504 222.624825915
128.335872218 132.700051743
72.5051377122 230.860986795
197.579306536 214.181771818
186.351097937 171.286510931
255.240185215 144.070059595
130.655324122 142.473773064
