100
108.71292312 170.962892915
7.39177151614 268.761692473
207.932468143 259.266326652
62.1377959037 163.959313255
66.6072760229 273.15844282
115.967447561 243.171806513
39.6295411346 46.7482048023
31.5099583766 124.967785064
88.1666737879 48.8583947163
16.821884318 252.822587466
231.258232553 102.860823793
248.994480374 263.155685732
217.300537101 165.500771759
91.1967411283 192.000854408
169.54299559 31.9881442828
158.673136036 194.767374073
43.6096499359 1.00967124368
198.566459164 299.898065329
68.8084630402 234.774423939
32.1654896303 133.699190594
167.444855124 217.434254568
269.372692147 11.1029996812
284.568445483 59.5386023814
224.335180091 1.25967055785
179.409816555 193.705300095
276.37346822 221.812281972
75.8329762088 293.928775408
284.633035032 127.250989883
202.681860985 258.930577467
260.840959603 144.801894109
254.400435004 231.480512118
240.001542889 43.2378677912
267.567491017 27.9171091117
58.7330436977 265.958547574
87.6489087947 82.677159262
288.54790675 115.332471464
136.447783597 255.649150505
209.756990684 70.6221536502
7.47215845384 190.612715413
254.89470332 178.896005376
122.50372162 58.8069542869
44.7667178531 251.056205427
126.091058693 169.886069099
34.040792116 28.1476346125
136.949309799 277.77366243
296.75374844 66.6195586845
217.632671637 262.644091352
89.9848186119 3.77300669964
64.6743148883 252.01175958
174.925625726 163.462239092
89.3581427133 92.6864690034
152.634945255 38.6380749879
35.3833742087 142.198609627
217.197601103 214.093299576
82.8304048325 292.44254197
135.489751034 126.186510876
131.040505958 286.594471945
189.439865407 237.321343722
106.96362807 110.677263098
105.61087574 277.921497723
177.322492181 118.210775314
72.3936193956 292.922533845
220.306980543 45.4167642822
270.081938384 293.887477898
21.3849094586 40.3353753587
279.327059491 163.980584179
107.385197599 210.335345231
243.026494257 256.935031579
278.778381489 227.614246898
278.661361349 161.017940132
245.363679752 251.349353992
92.8076311489 248.124294889
4.17708056345 20.2105144934
235.659339386 154.488561988
145.175843878 144.885921837
66.6265297135 16.479905718
185.606742986 27.5432384726
242.308024037 208.969388875
276.716439617 260.422929257
255.83488594 142.53282373
0.225784043798 236.15896652
84.3203128676 138.394378848
220.845129752 118.557781049
118.769669801 41.0599891164
118.914946623 234.498122712
232.887103072 187.312591136
69.3045399562 267.55831475
205.132454936 107.751469021
31.7145283975 145.894290129
88.6615434323 168.925317017
50.2645381774 205.43232225
235.97155953 262.261182638
278.497495278 85.9736235668
17.5144311063 141.440954822
12.2145275989 94.5085892035
152.067937863 122.442299833
101.412307665 137.309425805
167.030435628 191.792925269
3.30627390711 20.5218567273
291.184189785 33.7833623589
