1000
91.4559587289 162.372809779
256.50632321 209.60721515
225.83243053 104.174041124
225.530109578 2.47468871923
90.9493097333 54.3132610244
111.544242539 227.294335631
97.185325269 60.6489482967
295.673541679 250.626502727
134.777720513 18.1529249056
164.339312999 152.045804214
58.9572157365 205.487449709
226.67824916 187.438860639
92.980649376 82.4032301906
34.337574896 215.403971446
293.803031188 112.862830848
278.940194922 47.947378957
92.1569953468 287.993702641
122.704800529 225.01560246
109.207874886 298.90064768
137.471008521 219.448842875
109.657953565 293.577736627
235.77998966 141.345454961
249.035259757 206.677806369
2.15474915995 209.34875246
61.5677385641 172.537804581
79.5623889903 148.379010267
29.8254686943 117.085867334
157.134083089 268.851404869
17.2106760494 296.585589716
9.25743877304 79.1116935848
166.940196352 288.674181325
8.96735168478 134.89598574
128.529949561 199.499009184
150.186901505 85.4625168238
187.514989156 54.7630969961
258.256238862 87.2859704269
35.9825631686 186.984954257
248.384371822 120.180854195
84.6025605875 6.0910601125
204.98724768 246.304721546
131.201385902 57.4611950602
61.2825271874 159.414126847
289.102622477 31.0033439717
270.346419829 279.083643766
3.26200413213 156.637138151
187.418274009 131.622739435
224.45675987 299.74006699
222.063743853 24.679448048
162.354438088 285.987218269
86.7837170674 281.489633101
269.243233548 173.416441457
192.796553253 62.6228914589
41.7849567885 92.1376752853
156.982592707 118.539104696
186.718451877 219.619834914
175.031936732 88.2485154804
170.268510078 217.327285602
3.11839899093 289.004053696
259.799096025 82.4190430579
255.890744706 106.363766561
141.601577527 299.639112435
122.256496577 141.026565114
16.8350043388 141.056707698
123.148750959 178.660866442
117.85633753 218.558677201
263.395105813 201.165538299
40.0086592102 266.83835525
268.907795917 96.8872464157
157.0811232 116.745525104
225.590857693 8.4363540565
214.023111564 33.5938990467
28.9641808864 152.940237266
65.1296573008 22.2843831265
163.164086989 106.304115337
295.856091449 99.7785710798
80.3510778493 288.570323191
70.6542931425 130.612688447
66.3940591566 110.434992064
247.173082667 287.12152773
52.0756814104 171.843910104
286.170853334 141.635697927
242.973925034 233.229163984
17.8803320533 11.4837056811
62.2511301503 83.7501339351
121.461000871 132.011570761
76.4662178494 214.572175546
79.6184061881 98.7932091486
87.361266456 65.3932296174
210.202542583 59.8330844635
6.40135323594 246.934458936
156.226941988 287.530893812
114.611645513 216.065104716
134.374793647 228.543943268
2.99656231489 66.4632288849
173.56334299 83.7071173756
2.13003843279 296.403412379
87.2554723446 83.3532220052
227.794484127 163.770292785
165.311677982 184.909620552
34.5160939221 146.656843284
2.85215914647 157.239610327
194.337288575 93.8469464442
16.7845366369 200.470642483
174.949171197 47.2004573028
80.7762146415 17.4391516695
13.7590693647 281.797476643
229.87225806 212.019507581
35.7111563133 34.1216671263
6.28326279118 110.84257792
228.485528974 136.93975164
196.456245672 81.1581022133
178.844615931 27.3498891616
101.938765654 172.403424869
87.9807825298 147.563871234
123.605777425 48.1751489414
172.162579224 176.244204303
146.332840219 49.6779259357
79.6231185516 91.1922661765
299.533779827 179.38878805
190.231136557 6.98128323627
30.7224543383 244.309512298
260.16145006 39.760771411
265.719093121 182.596733366
181.738116451 298.275923166
248.310046172 80.5624513631
46.5390498738 221.332353967
79.3703633778 208.237990927
128.012143239 252.771091533
56.3375491807 210.135002463
131.135247025 149.951796099
129.210473164 166.452373279
40.9001684274 205.265798047
123.088275296 224.868222086
70.6702729069 250.705908943
268.731775161 56.2835518266
280.277635027 254.727251254
188.469018086 275.507128923
201.376448948 25.2963860543
247.531507078 135.489040051
286.506198633 198.103725391
248.08239565 30.9136640931
3.73198712407 9.32486544063
276.164550367 190.256428448
246.497492718 247.468363662
79.8107204134 216.599775601
222.067443964 114.202204404
115.821350666 100.788704163
244.520483126 289.069809863
253.997111649 295.701641314
252.544408046 185.072250222
246.399738237 43.6599640305
159.083786163 69.6847336123
282.024336805 104.646915491
120.017066035 253.996197404
249.362321912 67.3573107843
116.871338653 207.746499084
133.970945047 94.0963211994
190.561912782 123.509060988
51.4921947291 31.4622209232
36.0062450135 0.947963264822
31.3702319546 163.698307766
157.316136704 291.9044994
267.566776387 82.3789588337
102.024170292 47.1382280235
267.106360186 242.955294747
144.003027551 281.885904704
253.323925971 159.915481055
229.926460727 241.185924031
275.433826837 296.85676368
122.50184507 236.610877826
198.560042102 72.0467687691
24.0663639882 76.5717673816
16.681131791 283.702440602
233.508126352 73.574961824
256.734107407 166.961376706
63.3256741666 132.620097031
242.914211902 180.207847713
269.961088902 149.644302734
43.2254225389 217.677611802
60.6847289035 32.9092327503
143.679649024 25.8475841274
144.082876811 216.717656593
54.5799216851 246.558537115
131.585204355 40.3876404258
38.2997737953 13.2019638612
33.4514512201 272.461411381
167.33397625 57.2803200651
206.65571875 184.683366659
272.943570358 138.355573989
188.708938123 92.7289182674
204.293107714 89.6588827067
10.6578880332 273.370157065
13.5947212182 154.174062157
200.605777211 177.437593408
91.2544121632 232.598420738
27.1172874997 246.97224075
187.955686425 196.200449064
17.3462616257 184.380454363
117.317756539 174.539249389
162.999448536 85.1331333474
142.645039482 133.583499659
136.313910436 188.638986068
253.493380388 291.589228761
126.774494586 44.3482650356
200.711564714 101.819143568
117.040510941 70.2941909966
164.283207214 95.4927836967
48.2424621686 135.820788064
80.2880455547 110.679659746
60.3648551906 104.518741871
180.376163741 288.440054487
163.490041636 109.392559904
176.96858509 90.8401058478
119.261213685 174.131153552
162.825500432 80.7517419956
25.6004069318 12.9043665389
191.111235211 164.637222988
148.17889173 95.8154806284
67.7161890267 124.921801425
247.797365499 140.354736759
105.966407865 156.134739414
73.0766190112 133.463791259
246.905550363 272.851787191
160.058229745 157.941793524
104.817127707 271.95515422
261.246344398 246.898946464
70.888886165 143.32022831
90.5169011033 19.5343775764
158.283633288 180.88757986
16.2086003676 294.371834645
247.223094406 143.382683063
241.809928561 66.0582188891
223.963828874 224.11728401
132.580076366 174.795413542
188.511546807 176.157069107
110.206373244 252.288645378
166.292067407 3.17777966657
226.912426339 273.667552075
178.649636743 25.304536592
46.0217219538 261.431710966
43.5203974149 195.284032831
104.029616084 66.0588552978
283.566184513 120.374236585
57.2980907979 115.423673882
68.7490275563 91.4531607221
66.6688135778 70.3787801338
283.400891008 53.9027532715
87.6093519381 188.578528497
182.207325699 43.325706311
258.872655981 245.860450039
93.547447503 247.318971777
9.42511107345 275.054865037
101.910021654 126.847595797
79.4321262579 232.638377112
176.180676259 287.424654404
173.282281534 258.531584624
39.5486126267 130.090436783
98.6934959354 70.8521963336
139.209147065 22.3734789781
70.2138379865 79.9563774398
288.725272827 272.301898968
235.59002543 245.392133728
116.29872868 60.2670790369
90.3227653337 239.706714363
166.931275768 129.472940017
128.856558848 76.4771296656
89.3573740818 12.1986593874
277.007573046 209.580515274
116.958373872 287.905418095
215.092176072 67.344193581
97.6250013393 48.305669604
224.168551216 74.0978497276
242.283781759 7.60847900705
55.2844044174 63.6798657203
138.664807786 168.180595923
27.6711515441 259.193035379
18.5814297988 23.2751836303
102.532870693 276.562876719
82.2389423879 224.176062499
298.932646628 284.761618206
299.981858909 229.710505012
87.5800728911 210.692679359
198.362064099 3.01399918818
68.5537261686 3.47198572065
236.796992019 14.5737280803
228.14550291 249.690589674
209.992612935 264.472638891
86.1958928335 47.2876900234
60.4843592647 75.9335951505
210.139241162 92.5604690385
93.7853680707 160.845694741
167.310549238 203.154184747
66.7455475463 104.686209143
58.4164446682 202.724474578
88.4468040166 161.287818657
153.376926778 257.626143256
62.5457769732 97.9947861634
105.45527353 117.055569751
141.781954675 20.8448287257
236.496993798 241.858882364
266.419987933 264.211908062
208.92824004 158.243564615
152.818639663 23.525386317
74.4429094768 279.712039972
120.114503412 281.931280334
167.980386734 273.870798391
282.120973159 146.064382874
56.2169195214 219.164511637
297.756387953 38.8391379103
238.147491759 219.481279686
80.7977241711 239.639270485
36.5043462765 8.75484260797
83.8631727329 203.607317007
194.995555555 40.0550191724
64.4239088748 217.410869843
10.8401996887 248.150854003
123.112093645 79.2289842578
215.929263572 263.746324755
20.0287970566 217.07807909
183.669398659 90.3930855278
42.4751513901 94.1445821342
23.3047266574 201.872805299
198.064892392 226.073450284
5.48630148155 225.809922216
79.4163627091 58.4053258698
286.454760571 160.296093492
242.861680025 259.32738159
148.221442738 229.255024759
148.600263298 298.370865695
171.323526583 229.485096111
232.599998826 263.359943351
122.670106735 254.651148213
83.0377435356 181.977464598
284.890558933 167.875282712
56.0650845178 245.397963172
271.816737218 111.760794242
215.37153884 272.993926112
297.657579815 149.990371628
88.8017357254 197.78210845
289.156717043 205.936333626
26.9783430442 83.5657936196
212.618112609 157.32405639
147.998039252 228.971428256
138.523573713 261.908763112
244.164702148 185.559194469
232.39740538 172.396881928
262.921735743 234.949552131
294.112434513 168.641848903
170.000101393 129.075595222
272.91377159 48.5325072426
288.70581248 64.1092334187
163.776747552 125.598564232
182.658241533 103.925069835
159.746299539 172.531387517
192.68227386 198.044517974
259.636919479 174.997424267
92.4505007936 20.2693818595
219.382449253 262.494410528
5.58553571223 129.197837332
154.919199431 268.209071432
276.341127887 5.37438863461
206.677214645 145.756301005
176.775777048 70.7240991704
113.79539482 194.319253839
256.780412194 99.288615647
247.250274239 163.081649744
258.554192447 51.8151248932
104.258275739 0.140029355151
208.869053043 290.116169917
6.12378559307 215.027027217
92.8739537155 228.773140652
292.655854307 139.69794796
106.575421544 233.525263385
206.051467313 244.813499065
245.743586668 145.241585013
0.183227717078 154.571743934
107.408406289 256.858393857
261.613022665 275.248343484
146.061795428 116.739351093
17.8194721087 124.832233603
113.117117203 153.649504659
139.254377439 224.17413384
166.257488331 184.966591084
266.460387676 105.806330085
129.743132056 203.5111567
72.191544236 297.531715138
135.481959785 17.4794567802
276.22905049 138.165138136
80.4407405563 187.452775558
181.655201103 9.62386737269
176.576983225 85.0612695296
220.819454249 40.9983411821
100.527210636 175.799680303
243.629585574 81.6535377771
68.064029371 254.651251615
141.938492062 254.71859224
166.51612211 55.0099087948
90.3509354891 5.3448534562
2.63128876397 85.8080819429
33.2417189577 70.8468062516
292.870455243 174.892744599
11.8598669593 91.4214523335
272.631990309 206.295876351
197.6240073 124.72621026
48.6565813181 72.9745170342
231.283707806 21.8687815682
138.757474992 282.364363758
73.6904210448 195.862457345
124.95972176 181.489493604
111.852215415 193.475020576
22.5174090536 259.994828734
288.707852949 253.516701613
147.315069138 14.1738258455
155.527439599 53.486280539
272.717095763 157.668725005
173.26742291 81.7815112006
82.7056721631 73.3920110945
105.210550145 179.353398675
17.8447075433 285.067531848
238.459498941 296.111137154
129.710558606 68.050503182
187.509509555 276.776950898
90.6594907692 158.715007087
199.401024509 245.46338218
71.2990041846 53.9772266791
67.4680843907 209.620690462
141.099324751 291.90321759
213.282844781 20.1274025285
230.932533246 158.459735173
256.288981247 127.556450883
83.3100070271 83.5483329757
96.5293846924 152.586127325
195.722362995 224.203014871
61.1531471184 212.29315382
118.773691152 74.8497690251
166.369879038 198.221568971
218.399885598 235.282961974
62.2955419663 41.6392273085
107.927413831 170.865216239
83.0046866677 256.98358827
172.760502949 253.29494821
188.89519558 262.199132813
131.091521485 168.923164539
170.284285232 124.034710254
238.00090249 264.423031209
32.8646276483 230.156667032
288.322515944 287.427416834
177.044122371 46.8437697303
25.3016398652 17.7172406909
82.9597221302 30.310148792
274.584592107 111.293459492
151.262488617 211.352393331
39.6598187048 227.458110542
247.131337192 222.701676902
225.244929887 250.697413039
39.9536418086 223.572536643
11.4365751664 155.295619005
28.3392376012 43.8370262654
18.1599057605 61.5810490521
284.474702258 281.631381845
15.6920905143 206.443649492
126.338498751 88.3991652832
237.696745581 52.9291718643
103.982095909 4.98080154567
131.656996214 98.4496526487
260.014709232 30.8954929264
156.806562565 176.628805394
266.905899378 44.32820018
253.403340471 161.394847282
83.2240705551 158.945233058
202.567374271 128.019818036
37.0385533497 204.873946792
293.669183939 42.2751480489
267.816290611 174.230661617
35.4697748176 78.2163167954
234.463058018 155.151246071
58.4620850676 91.3399917554
7.63497232033 261.439516362
38.0190750622 127.209399843
186.181789383 13.3078192558
46.2694849656 76.9946348665
260.493703392 11.2302348561
3.11296504205 96.9452401123
56.7807187228 117.704837196
143.546694932 299.682121008
209.801883274 188.843098927
151.350862589 170.157898668
83.9306335468 259.587535865
137.023898275 181.68323694
61.6292233665 33.1811681031
64.4837350047 285.911741462
120.250003633 120.440791406
228.654914888 29.7762184288
24.3758469312 106.382131085
246.081464365 32.6420726771
138.321397081 51.6271166993
56.5793933745 291.341611038
152.696465788 258.484371998
185.557591845 5.69045498972
209.160955601 2.83576635837
236.668740822 138.13273161
296.46471606 256.69708909
166.190648619 218.877210214
150.668400402 28.4032692644
31.4544913587 38.2707415094
21.1683413094 211.286715657
39.1286080517 17.5915089466
213.904630673 139.867004989
125.668477657 130.459209761
58.369027905 6.83729497387
207.931659389 215.527660798
129.282622414 46.6167651703
123.198581962 149.025295665
248.136086122 57.947156248
189.843788059 77.7626497375
38.0050012165 82.343141281
187.647217778 125.37476626
89.342265597 58.287914698
164.719860925 111.306995113
233.866303516 130.891202455
107.273944098 250.532443115
55.4853347917 81.0982521722
253.422551666 26.8538059676
107.999934873 116.438327934
29.5535690736 154.276298874
252.156312424 293.63123204
271.440069288 65.776535699
41.8744032366 165.532227768
41.6072959033 223.38538088
176.674384477 72.0664335691
154.876227229 117.284199847
246.099422886 66.6314348905
88.5740376787 276.002321286
177.844662702 54.2434312882
46.1119948139 45.9212248009
97.103459699 165.194345726
120.075402463 119.933678838
49.7168417743 219.939664002
257.605930226 59.827989368
113.42298536 64.4136850093
56.09588309 72.0417387715
166.428630658 124.308943213
209.484183881 125.49297904
22.0909700831 198.913587388
230.223163635 248.509074255
178.19255817 110.040125415
154.132232987 112.471250573
277.276258663 211.749607369
70.155420867 175.121913932
186.714201983 181.421209671
151.998864359 139.103266565
138.490873369 245.312867811
157.850877169 231.122155391
41.3207511052 268.165632259
148.362425787 50.0565123027
197.184925981 269.947001328
17.2244049711 28.7121818486
149.026397889 20.6490071416
5.98126289795 212.217538089
189.935814 229.315390556
239.717456928 141.369756569
66.1214387596 244.739469654
27.5516694703 62.4192245763
219.061711232 29.6444797544
55.0952708609 156.374410278
100.886260396 99.9863566205
250.382035602 72.3569546346
88.0490082272 142.923472366
205.698824682 280.100314201
188.232853528 297.039682494
216.175321458 83.1109372959
118.225186985 95.0420064845
220.784889113 286.297509226
238.96271363 95.5549862971
77.8679898312 118.795590016
120.975226257 171.136484728
102.317908126 116.699705579
147.327236786 251.772411495
217.494959869 262.546203944
121.920017927 221.214819385
253.82560321 140.476973762
274.753896871 219.691064067
221.552099801 67.142673077
71.22743524 55.6550817783
63.7279179116 55.4394844003
57.2217348289 223.110156393
133.839168719 140.042759115
90.5231724957 53.0569212844
10.4173546011 116.93333845
256.236962952 177.16043042
128.512775212 158.006199823
210.597948641 284.039273458
223.456898365 264.355344378
168.461354273 46.7722980464
204.374867797 265.145037001
30.3189207027 145.835694796
119.175291463 65.3166673225
62.9515405688 161.589584729
76.9855583499 258.828160837
244.617077518 81.5615891112
235.157252098 271.752491427
256.088345026 65.2015358931
31.8305247653 67.4320220419
97.5089817604 167.295228364
261.378663014 168.007219025
248.404941094 282.523427705
285.483938801 5.58250113566
6.0836891775 21.0958780546
65.1903424127 262.175910746
142.033884376 34.7399055416
293.100950222 32.9453558723
38.2930915409 221.82837572
237.590127447 182.797449874
102.459291061 297.781963198
283.299304505 57.2181748506
262.949770819 38.0356848282
158.23558132 5.38589934737
281.108296399 236.729911771
74.5791219194 283.168266753
286.800711781 169.615706582
198.311965147 80.0072042
204.769154315 149.376433704
228.697117208 149.540627034
259.894042929 71.5803801467
169.870511902 199.678148381
133.883480902 236.125488629
250.216538451 80.9682279639
48.9906651899 235.881228239
68.420658307 226.156770017
255.677310428 186.695103642
179.47274731 227.534543979
298.264866914 133.187604797
251.237235933 248.81019055
13.369875346 120.310170184
218.514115115 6.93083964627
53.7600511718 155.557865151
45.1045205075 38.5873827644
89.8034124183 104.39273316
34.943251051 255.336950318
109.361645687 172.491787625
51.9918931585 59.7132108822
51.8786467832 176.853479291
228.502830047 129.84700393
104.838881692 278.705371168
108.291752138 239.857424538
293.518550747 1.44845781475
110.330666587 175.00819858
47.6273686041 58.0214122688
54.0843789259 95.2827827112
291.221097567 170.787045488
69.0923121144 267.778724998
234.662396205 127.406490396
125.197685402 41.8373034956
49.8658789568 129.062970482
66.4486899788 219.130856158
194.833299595 114.267026581
38.572647302 49.7119586477
90.4694314366 182.926948957
177.552963357 241.637289033
192.160526141 199.176212698
164.404491528 31.827861105
256.586637843 13.5307168762
234.032151316 263.391472097
147.983414024 143.626821131
242.472203417 22.0418454449
15.8592251244 206.064896823
87.2498908757 178.014755796
157.007234548 6.18255567523
173.588609158 6.32807138364
85.9889182909 0.0430128591138
1.61562424995 73.979068185
196.162934478 232.672924179
205.676646394 66.8799798012
6.14661480318 28.0924725131
190.181075627 237.548133269
72.3618220748 13.0024930928
245.842556739 94.907519973
130.268487746 254.895619289
185.300897752 75.0874303291
122.636740703 14.664185523
299.031074601 144.000731508
250.036878473 185.496769757
6.38121189017 156.264293971
274.712196716 54.3273397069
210.856168774 235.295770351
96.9447920863 182.696048422
209.172945579 227.87224309
18.1258753461 101.211516113
215.796731111 41.8486299619
185.064585448 68.4221314589
115.186624889 261.559017487
51.3940522545 297.248889053
149.510012131 209.933859386
140.349211886 289.900495561
97.0554277401 1.7113201378
200.777534097 73.5079303185
57.6254504685 276.938672619
100.129825527 162.628271032
198.356122374 130.223509232
172.593301922 246.966086991
172.322122817 166.401398985
238.242351049 28.6037754832
193.364533902 274.795377295
152.480201925 24.5563368364
14.4063737775 127.46710636
13.6982677578 208.040381566
147.951012104 76.7724668136
149.646445172 27.807433861
143.902333025 166.492885959
243.81805383 44.3119145157
68.6255557931 145.086151271
31.5767560723 107.780192671
86.9741319581 208.427907828
169.595990575 229.724927189
140.415907973 160.067265181
197.17218269 200.08892972
264.45646053 215.560880722
189.646866896 51.6483203214
205.685466223 158.505261603
195.736562063 106.316736033
68.5519945225 94.1223546439
29.351639788 62.7218604974
38.2391946768 258.469260426
133.840532924 193.318787827
54.7340049411 56.0924354147
174.091845568 70.920195299
53.8664389694 190.471010294
295.305488669 242.296365731
201.547962571 118.407659908
135.729461651 152.200969103
87.9714341906 4.52121494378
218.090943503 222.019356568
120.239985582 185.285913998
292.614892668 54.6337916152
165.333234191 180.525957498
286.718565322 154.370882838
9.96325553372 157.982446089
102.323635946 171.860484795
3.86316121517 128.284932723
144.276362629 279.478635581
272.772976416 11.3375628115
231.207382151 181.828566057
168.044814537 202.311023664
122.988372806 24.2285494357
150.572230835 81.3653914441
49.7018183303 180.615928023
71.4321991553 30.8131866692
279.848650109 43.9159090756
33.1020865753 201.397856505
168.425605282 84.3080805382
48.3376678216 222.23221387
292.464676368 42.8209917629
57.2701809194 243.992585213
245.156415164 180.487797832
78.2018617696 17.4412208204
187.921569886 49.8231097054
152.114379637 148.387362568
233.678218465 263.264662017
85.3674229465 153.125993793
219.276072333 216.71087574
249.289199358 18.0367343967
236.713176035 99.9039494513
87.8693696098 230.12052759
0.479309386524 117.317153732
278.447798883 217.519886672
126.166236861 116.078056109
298.86912526 100.218656388
114.277967328 43.5136990665
88.8589070761 143.796933088
206.367793915 21.1466273763
282.785699922 256.849548225
124.375085334 252.891136004
267.283597724 106.444534633
34.5591046189 210.633263434
138.739185728 107.071007912
117.915454885 28.0198573177
236.076747571 81.7314023901
204.641533115 152.024052168
92.8670654167 72.5080093669
99.2913322655 251.549266426
182.909237737 65.2695842987
25.6671051303 21.8061358688
271.811423343 225.255901136
125.126159476 208.556177296
159.113129054 10.8986189131
95.3717337111 223.459230092
213.738977248 103.279222311
4.62785094266 36.0915632544
50.0972410493 198.756134687
209.657464606 32.1225810331
231.06078602 27.9536200028
214.566630418 268.212606153
85.1783207973 79.085911209
67.5840236793 269.072852059
30.3232508262 150.910260392
107.76904022 171.977721963
240.636240137 146.709980207
263.906812403 204.131441924
18.3478431523 209.747888389
139.531074301 0.622404256146
7.86803488697 142.398450481
282.217658089 230.780237416
195.746849714 53.1251305146
71.4657577112 81.8961110363
127.574916705 283.807242426
197.353293808 254.380495214
217.486945024 277.184012264
54.0921682883 140.10719036
42.2259841508 150.744075304
3.82689631918 78.7162158502
102.980182156 204.450497852
22.9433228891 131.139615756
202.604331371 114.230866837
88.2166459917 157.772743472
5.97296277759 80.857730278
168.859986419 254.245090486
223.159468573 217.094583673
83.4065698366 184.795942805
29.7760887674 60.3194346758
104.34916297 199.14643837
199.684882198 198.368919978
46.4151592596 126.226942763
86.1542132124 105.186912472
259.517923046 223.821290784
213.162938473 52.2874414517
282.077064652 136.079412872
260.621885373 126.707397753
189.614320193 274.319159139
149.458482714 287.626636646
19.7304646719 134.628123486
71.3392695908 102.481724639
188.915569634 152.771226257
135.226864107 152.743786901
92.4025017471 262.709634668
165.306081533 282.25123379
144.506068918 93.4074605536
220.928824429 93.6433532923
84.0942656239 153.735517676
75.8378613763 251.610328637
278.788026177 137.487322371
230.414522524 232.205041343
51.2157731686 155.428118551
15.6898769764 293.610450919
222.531163038 60.3857284248
71.4116891617 174.819072346
75.2831813366 187.000886129
24.2536887971 117.240067728
85.3807996157 152.725624625
238.767302323 6.8697851207
24.0704053173 262.753343716
132.365216547 209.798792808
44.9392027864 260.333819963
246.810531357 213.478824642
203.099409695 247.621555657
297.022654684 167.973543243
153.733479185 218.271993158
62.1003214268 143.34921513
296.752558519 185.013785849
38.1487507931 217.897127625
12.8865699475 152.32672594
271.673249066 177.521267696
223.56933036 251.388131381
252.797195955 138.547488474
42.4721223836 279.424169471
141.114634944 83.7716462
97.9390295052 5.60653780004
16.6684488401 217.964410088
267.51062863 164.403092603
73.8328091062 158.222809341
122.210195075 191.483818874
119.791551546 126.633242983
28.9927070141 233.536839059
43.1830219491 55.3881262258
217.443424667 28.7821670027
212.762264534 167.495591018
257.779757247 43.9163797578
157.75326777 103.003720891
100.480702609 15.3413293369
181.084611183 54.9674466617
107.286879836 288.939710465
170.206955738 40.1352257124
175.193552083 17.6334098189
269.279097498 53.4068869864
148.205872965 150.392188744
6.16947137412 133.411710745
51.673787829 256.938427843
283.236948872 56.9470916583
108.028652859 254.819269571
241.432231531 195.310428621
165.060639633 135.868534207
260.587782755 184.079465124
236.533214038 220.680485799
212.329626505 230.280726033
122.773963932 46.6802914701
2.06206453466 243.650609505
177.155248311 256.46762749
40.7770771529 159.929049034
94.0852899396 97.4924045152
226.179083566 216.645348788
214.647537493 93.1524802991
200.756899366 261.073528688
26.4464642841 226.410179978
201.249034311 109.629849208
101.134205798 286.896902344
116.929354921 9.30299855823
178.992645732 104.229115661
106.725028043 246.5014523
279.440828696 96.8545874758
225.543249998 275.418630118
286.28413967 76.6837727037
251.581432185 216.405561454
175.236002267 173.526553491
8.71506511144 292.140172583
230.798034808 205.542454888
279.184232221 36.3514027411
199.206835056 234.766834428
299.99542804 219.967924569
132.682784275 174.288603253
125.097634201 289.137998015
231.362320337 2.62193828908
135.156867439 205.357664566
211.873807674 25.5639639944
247.294423734 203.387033147
252.476009327 239.773010453
204.881297638 129.688815009
132.190630612 178.368518783
158.394376719 173.585265302
253.874293142 121.939629195
290.664919405 268.575007188
39.8713569633 63.1990798123
73.8107428402 172.950574893
123.324785585 9.46013905305
39.6519365776 72.6098603489
140.558536519 157.026331744
126.672899349 273.829657376
173.952429437 1.13314381797
33.4999524843 41.3016715352
234.115530819 230.488722397
19.5336596144 282.44337372
56.9415789182 175.803192559
233.371187024 246.835491771
139.780775366 288.366145294
38.4611345434 134.670052627
172.506444093 156.267088434
159.308871826 169.597210527
290.075452107 124.234155644
103.45013768 206.011221004
178.677803974 205.052632074
254.813165098 50.4317680597
3.85025140553 280.864262971
87.3602639234 108.669125268
129.521609896 170.396045761
25.218461596 105.760687427
105.780324686 228.95194468
1.88428153761 29.6940590513
275.581986717 204.270622249
289.239671919 11.8589132844
251.527463419 241.240121448
9.49263537433 221.723018968
42.7709188641 204.28965238
189.863048418 178.602658318
179.607470787 210.282942056
187.674168698 275.372566308
236.398810959 58.6427170162
271.515125608 248.491123803
296.440043639 231.765629715
120.660642074 217.617661033
287.688516159 150.959519687
19.8962993161 101.124299855
124.222205717 53.5310593423
225.319000245 229.932404198
63.315070711 210.561569908
9.62564772569 119.700039594
184.906660931 205.866103003
205.629348643 133.369946842
189.040295923 25.4524384817
101.755845334 89.0812466239
101.362578016 275.738538152
31.3503503337 35.7760363063
61.0001102637 22.6309860005
94.374676678 233.407491529
157.289619891 30.1981905776
280.821506342 211.00162986
248.894425562 59.6838470901
292.481265373 190.037436458
71.8557945858 94.1895022835
142.874471503 149.810813931
11.9092013367 30.4531551293
144.208035795 20.8925281491
14.6818837771 73.4388926593
129.34118126 82.9769663125
8.71469494946 225.636405463
85.481955983 102.354618495
93.1544252025 201.016419092
98.9685003262 253.839059188
160.192604955 299.739015108
213.306717702 29.2839681919
35.6070369213 252.828493588
164.385267454 127.136700768
171.82250062 235.038267025
