200
266.160649 292.515569
42.210009 277.469148
227.065396 235.802636
123.172104 79.432393
141.811347 62.775143
45.589460 121.107368
51.761077 150.964881
241.831989 69.117291
62.756253 22.042020
189.646004 134.667016
44.067576 24.342633
186.598193 44.707172
231.895087 225.543090
223.915787 191.231540
218.972740 270.037840
170.343873 185.133389
262.553408 212.553882
162.602538 189.618804
148.356518 285.774642
269.051197 290.167866
48.549785 14.640657
111.275234 100.310862
165.605538 53.107223
169.428153 228.361791
75.149243 59.074157
63.028807 119.216819
83.416790 249.627000
163.923991 15.311877
175.170090 87.839778
206.543417 94.142830
57.877618 76.887290
279.276220 20.431026
289.441172 141.878757
210.049830 137.797691
127.653399 179.101027
127.965556 176.203184
193.741685 239.240790
276.514046 59.347223
292.348013 145.942199
287.709015 67.497256
205.016356 50.737822
186.714075 288.433146
0.364821 50.638066
3.745023 175.534912
138.477844 210.288440
269.677742 196.355462
287.175730 248.953962
216.786488 276.616902
90.832719 126.836318
114.414593 218.486118
5.937345 242.380149
94.689302 199.679030
181.620939 71.203348
259.026254 173.968952
217.145547 246.735268
241.466208 122.161903
297.473090 128.180282
110.595048 297.837911
178.818349 114.340071
173.372823 17.296193
24.628511 143.050565
213.651655 11.804241
92.004526 130.438143
288.421144 182.837245
257.274461 102.835736
101.323363 263.211807
45.215885 196.012665
162.890837 226.836824
267.216013 121.917091
100.805776 184.361560
68.652359 42.271983
6.523462 66.125449
170.452266 117.118510
63.963360 49.270614
231.458581 237.336183
66.566807 256.087093
80.386748 280.218462
267.891334 172.391274
110.656605 256.312478
55.228519 67.931066
59.148214 156.551883
31.142873 104.364099
52.564548 194.033710
31.200923 19.780560
15.950800 132.006699
204.142120 84.603159
174.278682 210.665583
150.728607 44.730947
27.784093 214.691967
94.001561 259.242675
152.028150 160.568368
215.329767 232.414897
140.786830 183.221101
104.806171 251.443435
139.533578 160.034691
19.374501 198.681792
16.586573 50.517374
3.045891 69.151121
244.551084 34.246814
88.931681 260.501884
166.253513 293.073802
45.105043 40.532195
203.739384 195.833650
85.263142 231.523477
110.525617 179.264704
190.766152 262.553767
39.833072 106.095919
194.968665 180.619902
289.317020 299.774836
132.063338 128.850598
159.809527 151.437839
27.532390 176.396100
201.955213 30.578281
245.547221 146.506297
64.825095 34.478902
107.008181 231.078608
27.552704 152.113223
271.610802 231.292089
47.946873 56.873945
162.815566 158.472491
236.138648 53.581718
121.026258 275.971721
159.677637 15.994922
156.591623 148.994656
15.769758 288.654961
277.845254 175.579285
140.092800 5.377643
51.975386 42.048013
35.955924 297.522607
188.554310 100.781019
32.001509 295.562490
31.859626 59.554213
147.675713 3.470428
290.846302 195.622587
60.344373 153.661868
54.095077 296.483021
207.243585 175.121335
272.454742 66.921222
191.116257 129.046365
215.915878 206.886016
117.701325 193.761132
82.465301 257.794125
199.138775 134.440687
299.842137 235.094699
131.963293 188.396447
35.875717 163.964803
183.958937 67.735343
223.519016 31.634650
71.205772 214.365318
227.257237 131.550145
68.027185 281.352314
128.033166 275.270771
156.473648 100.487908
42.191993 47.589906
229.534272 258.107871
254.475922 47.235597
151.869002 36.941223
5.029722 51.007777
171.381910 4.871859
286.102476 3.345203
193.268306 21.978193
167.310005 77.227243
89.713537 90.829021
108.861893 160.919308
5.194339 36.119129
292.469453 73.221524
17.471443 120.502619
48.492295 173.945091
220.990527 90.684287
221.534997 150.524799
48.792158 176.010919
197.760396 200.661160
212.952141 202.790119
251.668937 84.334051
207.661978 237.771413
87.679254 100.930284
259.749606 254.989259
178.157527 49.463143
45.818280 287.019420
210.382451 51.012619
23.138549 202.851904
124.234143 40.609992
23.354523 172.726438
214.555083 244.345050
263.410725 136.090080
94.869849 12.202883
12.100999 292.630245
212.864043 225.053140
195.420364 164.532980
9.387191 103.082341
102.304394 97.066444
204.012625 62.054000
52.055703 82.170152
111.517143 97.873984
69.189572 21.899594
148.886603 92.328121
224.751498 273.120746
132.938112 248.106021
145.847183 47.493195
192.451071 109.257908
