50
136.059991 246.979281
279.172567 43.285515
6.397631 270.997071
139.886099 175.580067
225.452653 111.101138
184.409966 227.117066
170.117240 89.013883
102.257962 267.481610
294.986934 155.349853
257.670409 240.583137
107.752454 259.130872
243.297785 199.985122
106.244058 250.393940
272.938528 106.525520
107.891729 44.308356
181.079808 243.951720
291.287638 160.252376
287.237235 297.685269
131.249447 127.123334
173.265336 56.702099
238.224471 57.675302
283.819165 108.341711
146.689185 86.077127
75.823320 141.676119
241.426980 33.493729
82.259255 49.179434
292.624602 25.557041
249.164556 98.868659
275.950981 222.103084
205.394180 83.842709
266.411441 86.473988
27.794429 257.699078
246.726363 15.031664
255.384347 77.975810
142.154998 128.649683
134.677909 80.379469
186.324985 118.497075
188.721180 33.014170
204.574202 264.544500
174.690289 146.001182
298.038230 256.949544
195.180616 290.662831
282.506585 144.345171
89.531490 258.457565
66.448255 294.925670
42.300274 32.859696
81.399657 70.094703
290.558774 28.126021
85.126367 245.943121
106.101831 227.281364
